4.47914             4.47914
5.99791             5.23852
8.44082             6.30596
6.84915             6.44176
6.84915             6.52324
4.47914             6.18255
8.44082             6.50516
6.97135             6.56344
6.21412             6.52462
6.21412             6.49357
6.15266             6.46258
4.77318              6.3218
7.43452             6.40739
6.15266              6.3892
4.47914             6.26186
5.76776             6.23098
5.99791             6.21727
7.43452             6.28489
6.15266             6.27793
4.77318              6.2027
5.76776             6.18199
4.47914             6.10458
4.47914             6.03391
4.77318             5.98138
6.97135             6.02098
6.97135             6.05753
6.21412             6.06333
8.44082             6.14824
6.97135             6.17663
8.44082              6.2521
6.21412             6.25087
4.47914             6.19551
6.97135             6.21902
6.15266             6.21707
5.99791              6.2108
6.15266             6.20919
6.21412             6.20932
6.15266             6.20783
5.76776             6.19655
6.97135             6.21592
6.21412             6.21587
6.97135             6.23386
6.15266             6.23197
4.77318             6.19882
6.97135             6.21599
5.99791             6.21125
4.47914             6.17439
7.43452             6.20064
6.84915             6.21388
6.15266             6.21266
6.84915             6.22514
4.77318             6.19721
6.21412             6.19753
8.44082             6.23907
6.84915             6.25017
5.99791             6.24566
5.76776             6.23728
8.44082             6.27527
8.44082             6.31197
4.77318             6.28633
6.15266             6.28414
4.47914             6.25502
6.21412             6.25437
7.43452             6.27281
4.47914             6.24522
7.43452             6.26324
6.21412             6.26251
5.76776             6.25523
5.76776             6.24817
6.21412             6.24768
6.15266             6.24634
4.47914              6.2218
6.97135             6.23206
6.97135             6.24205
4.47914             6.21855
4.77318             6.19953
4.77318             6.18101
4.47914             6.15919
5.76776             6.15423
6.97135             6.16445
6.97135             6.17441
4.77318             6.15732
8.44082             6.18483
6.84915             6.19274
6.15266             6.19227
6.15266             6.19181
7.43452             6.20609
6.21412             6.20619
4.77318             6.19008
6.15266             6.18967
7.43452             6.20335
4.77318              6.1878
4.77318             6.17259
8.44082             6.19672
5.76776             6.19221
6.84915             6.19905
7.43452             6.21179
6.21412             6.21181
6.84915             6.21825
6.21412             6.21821
